51
1 0 480 2176 64
2 2240 480 480 64
3 2816 480 2048 64
4 4928 480 1824 64
5 896 416 64 64
6 1216 384 64 96
7 1472 352 64 128
8 1792 352 64 128
9 5184 416 64 64
10 5696 416 64 64
11 512 320 32 32
12 640 320 160 32
13 704 192 32 32
14 2432 352 96 32
15 2528 224 256 32
16 2880 224 128 32
17 2976 352 32 32
18 3168 352 64 32
19 3456 224 32 32
20 3360 352 32 32
21 3456 352 32 32
22 3552 352 32 32
23 3744 352 32 32
24 3840 224 96 32
25 4064 224 128 32
26 4096 352 64 32
27 5344 320 128 32
28 4256 448 32 32
29 4288 416 32 64
30 4320 384 32 96
31 4352 352 32 128
32 4448 352 32 128
33 4480 384 32 96
34 4512 416 32 64
35 4544 448 32 32
36 4736 448 32 32
37 4768 416 32 64
38 4800 384 32 96
39 4832 352 32 128
40 4928 352 32 128
41 4960 384 32 96
42 4992 416 32 64
43 5024 448 32 32
44 5760 448 32 32
45 5792 416 32 64
46 5824 384 32 96
47 5856 352 32 128
48 5888 320 32 160
49 5920 288 32 192
50 5952 256 32 224
51 5984 224 64 256